5.000100000000000378e-02
5.000000000000000278e-02
5.000100000000000378e-02
5.000000000000000278e-02
5.000000000000000278e-02
5.000100000000000378e-02
5.000100000000000378e-02
5.000100000000000378e-02
5.000000000000000278e-02
5.000000000000000278e-02
5.000000000000000278e-02
5.000000000000000278e-02
5.000100000000000378e-02
5.000100000000000378e-02
5.000100000000000378e-02
5.000000000000000278e-02
5.000000000000000278e-02
5.000100000000000378e-02
5.000000000000000278e-02
5.000000000000000278e-02
5.000100000000000378e-02
5.000000000000000278e-02
5.000100000000000378e-02
5.000000000000000278e-02
5.000000000000000278e-02
5.000000000000000278e-02
5.000000000000000278e-02
5.000000000000000278e-02
5.000000000000000278e-02
5.000100000000000378e-02
5.000100000000000378e-02
5.000000000000000278e-02
5.000100000000000378e-02
5.000100000000000378e-02
5.000100000000000378e-02
5.000100000000000378e-02
5.000000000000000278e-02
5.000100000000000378e-02
5.000100000000000378e-02
5.000000000000000278e-02
5.000100000000000378e-02
5.000100000000000378e-02
5.000000000000000278e-02
5.000000000000000278e-02
5.000100000000000378e-02
5.000000000000000278e-02
5.000100000000000378e-02
5.000100000000000378e-02
5.000100000000000378e-02
-3.516599999999999587e-02
-3.516599999999999587e-02
5.000000000000000278e-02
5.000000000000000278e-02
-3.516599999999999587e-02
-3.516499999999999487e-02
5.000000000000000278e-02
5.000000000000000278e-02
5.000100000000000378e-02
-3.515900000000000275e-02
-3.516599999999999587e-02
-3.516599999999999587e-02
-3.516599999999999587e-02
-3.516599999999999587e-02
-3.516599999999999587e-02
-3.516599999999999587e-02
-3.516599999999999587e-02
-3.516599999999999587e-02
-3.516499999999999487e-02
-3.516599999999999587e-02
-3.516599999999999587e-02
-3.516499999999999487e-02
-3.516599999999999587e-02
-3.516599999999999587e-02
-3.516499999999999487e-02
-3.516599999999999587e-02
-3.516599999999999587e-02
-3.516599999999999587e-02
-3.516599999999999587e-02
-3.516599999999999587e-02
-3.516499999999999487e-02
-3.516599999999999587e-02
-3.516599999999999587e-02
-3.516599999999999587e-02
-3.516599999999999587e-02
-3.516599999999999587e-02
-3.516599999999999587e-02
-3.516599999999999587e-02
-3.516599999999999587e-02
-3.516599999999999587e-02
-3.516599999999999587e-02
-3.516599999999999587e-02
-3.516599999999999587e-02
-3.516599999999999587e-02
-3.516599999999999587e-02
-3.516599999999999587e-02
-3.516599999999999587e-02
-3.516599999999999587e-02
-3.516599999999999587e-02
-3.516499999999999487e-02
-3.516599999999999587e-02
