5.001000000000000584e-02
5.001000000000000584e-02
-3.499000000000000027e-02
5.001000000000000584e-02
-3.499000000000000027e-02
5.001000000000000584e-02
-3.499000000000000027e-02
5.000000000000000278e-02
-3.499000000000000027e-02
5.001000000000000584e-02
5.000000000000000278e-02
5.000000000000000278e-02
5.000000000000000278e-02
5.000000000000000278e-02
5.000000000000000278e-02
5.000000000000000278e-02
-3.499000000000000027e-02
5.001000000000000584e-02
5.000000000000000278e-02
5.000000000000000278e-02
5.001000000000000584e-02
5.000000000000000278e-02
5.001000000000000584e-02
5.000000000000000278e-02
5.001000000000000584e-02
5.001000000000000584e-02
5.001000000000000584e-02
5.000000000000000278e-02
-3.499000000000000027e-02
5.000000000000000278e-02
5.001000000000000584e-02
5.000000000000000278e-02
5.000000000000000278e-02
5.000000000000000278e-02
5.001000000000000584e-02
5.001000000000000584e-02
5.001000000000000584e-02
5.000000000000000278e-02
5.000000000000000278e-02
5.001000000000000584e-02
5.001000000000000584e-02
5.001000000000000584e-02
-3.499000000000000027e-02
5.001000000000000584e-02
5.001000000000000584e-02
5.001000000000000584e-02
5.000000000000000278e-02
5.000000000000000278e-02
5.000000000000000278e-02
5.001000000000000584e-02
5.001000000000000584e-02
5.001000000000000584e-02
5.001000000000000584e-02
5.000000000000000278e-02
5.000000000000000278e-02
5.000000000000000278e-02
5.001000000000000584e-02
5.000000000000000278e-02
5.001000000000000584e-02
5.001000000000000584e-02
5.000000000000000278e-02
5.001000000000000584e-02
5.001000000000000584e-02
5.000000000000000278e-02
5.001000000000000584e-02
5.000000000000000278e-02
-3.499000000000000027e-02
5.001000000000000584e-02
5.001000000000000584e-02
5.001000000000000584e-02
5.000000000000000278e-02
5.000000000000000278e-02
5.000000000000000278e-02
5.001000000000000584e-02
5.000000000000000278e-02
5.001000000000000584e-02
5.001000000000000584e-02
5.001000000000000584e-02
5.001000000000000584e-02
5.000000000000000278e-02
5.000000000000000278e-02
5.001000000000000584e-02
5.001000000000000584e-02
5.001000000000000584e-02
-3.499000000000000027e-02
5.000000000000000278e-02
5.001000000000000584e-02
-3.499000000000000027e-02
5.000000000000000278e-02
5.001000000000000584e-02
5.000000000000000278e-02
-3.499000000000000027e-02
5.001000000000000584e-02
5.000000000000000278e-02
5.000000000000000278e-02
5.000000000000000278e-02
5.000000000000000278e-02
5.000000000000000278e-02
-3.499000000000000027e-02
5.000000000000000278e-02
