5.000000000000000104e-03
5.000999999999999369e-03
5.000000000000000104e-03
5.000999999999999369e-03
5.000000000000000104e-03
5.000000000000000104e-03
5.000000000000000104e-03
5.000000000000000104e-03
5.000000000000000104e-03
5.000000000000000104e-03
5.000000000000000104e-03
5.000999999999999369e-03
5.000999999999999369e-03
5.000999999999999369e-03
5.000000000000000104e-03
5.000999999999999369e-03
5.000000000000000104e-03
5.000000000000000104e-03
5.000999999999999369e-03
5.000000000000000104e-03
5.000000000000000104e-03
5.000000000000000104e-03
5.000999999999999369e-03
5.000000000000000104e-03
5.000999999999999369e-03
5.000999999999999369e-03
5.000999999999999369e-03
5.000000000000000104e-03
5.000000000000000104e-03
5.000000000000000104e-03
5.000000000000000104e-03
5.000999999999999369e-03
5.000999999999999369e-03
5.000000000000000104e-03
5.000000000000000104e-03
5.000999999999999369e-03
-8.016600000000001502e-02
-8.016600000000001502e-02
-8.016600000000001502e-02
-8.016600000000001502e-02
-8.016600000000001502e-02
-8.016500000000001402e-02
-8.016600000000001502e-02
-8.016600000000001502e-02
-8.016600000000001502e-02
-8.016600000000001502e-02
-8.016600000000001502e-02
-8.016500000000001402e-02
-8.016600000000001502e-02
-8.016600000000001502e-02
-8.016600000000001502e-02
-8.016600000000001502e-02
-8.015899999999999415e-02
-8.016600000000001502e-02
-8.016600000000001502e-02
-8.016600000000001502e-02
-8.016600000000001502e-02
-8.016600000000001502e-02
-8.016600000000001502e-02
-8.016600000000001502e-02
-8.016600000000001502e-02
-8.016500000000001402e-02
-8.016600000000001502e-02
-8.016600000000001502e-02
-8.016500000000001402e-02
-8.016600000000001502e-02
-8.016600000000001502e-02
-8.016600000000001502e-02
-8.016600000000001502e-02
-8.016600000000001502e-02
-8.016600000000001502e-02
-8.016500000000001402e-02
-8.016600000000001502e-02
-8.016600000000001502e-02
-8.016600000000001502e-02
-8.016600000000001502e-02
-8.016600000000001502e-02
-8.016600000000001502e-02
-8.016600000000001502e-02
-8.016600000000001502e-02
-8.016500000000001402e-02
-8.016600000000001502e-02
-8.016500000000001402e-02
-8.016600000000001502e-02
-8.016600000000001502e-02
-8.016500000000001402e-02
-8.016600000000001502e-02
-8.016500000000001402e-02
-8.016500000000001402e-02
-8.016600000000001502e-02
-8.016600000000001502e-02
-8.016600000000001502e-02
-8.016600000000001502e-02
-8.016600000000001502e-02
-8.016600000000001502e-02
-8.016600000000001502e-02
-8.016600000000001502e-02
-8.016600000000001502e-02
-8.016600000000001502e-02
-8.016600000000001502e-02
