5.000100000000000378e-02
5.000100000000000378e-02
5.000100000000000378e-02
5.000100000000000378e-02
5.000100000000000378e-02
5.000000000000000278e-02
5.000100000000000378e-02
5.000100000000000378e-02
5.000100000000000378e-02
5.000000000000000278e-02
5.000100000000000378e-02
5.000100000000000378e-02
5.000000000000000278e-02
5.000100000000000378e-02
5.000000000000000278e-02
5.000000000000000278e-02
5.000100000000000378e-02
5.000100000000000378e-02
5.000100000000000378e-02
5.000000000000000278e-02
5.000100000000000378e-02
5.000000000000000278e-02
5.000100000000000378e-02
5.000100000000000378e-02
5.000100000000000378e-02
5.000100000000000378e-02
5.000100000000000378e-02
5.000100000000000378e-02
5.000100000000000378e-02
5.000100000000000378e-02
5.000100000000000378e-02
5.000000000000000278e-02
5.000100000000000378e-02
5.000100000000000378e-02
5.000000000000000278e-02
5.000100000000000378e-02
5.000000000000000278e-02
5.000000000000000278e-02
5.000000000000000278e-02
5.000100000000000378e-02
5.000100000000000378e-02
5.000000000000000278e-02
5.000000000000000278e-02
5.000000000000000278e-02
5.000100000000000378e-02
5.000100000000000378e-02
5.000100000000000378e-02
5.000100000000000378e-02
5.000000000000000278e-02
5.000100000000000378e-02
