5.000001000000000445e-02
5.000001000000000445e-02
5.000001000000000445e-02
5.001001000000000751e-02
5.001001000000000751e-02
5.000001000000000445e-02
5.000001000000000445e-02
5.000001000000000445e-02
5.000001000000000445e-02
5.000101000000000545e-02
1.352000099999999816e-01
-3.518998999999999738e-02
1.352022099999999893e-01
5.001001000000000751e-02
5.001001000000000751e-02
-3.518998999999999738e-02
5.000401000000000845e-02
1.352000099999999816e-01
5.000293000000000099e-02
5.000001000000000445e-02
5.000211000000000239e-02
5.000425000000000703e-02
5.002001000000000364e-02
5.000131000000000020e-02
5.000001000000000445e-02
5.000030999999999920e-02
5.000001000000000445e-02
5.000030999999999920e-02
1.352000099999999816e-01
5.001001000000000751e-02
5.000042000000000375e-02
5.001193000000000305e-02
5.000001000000000445e-02
5.000001000000000445e-02
5.001131000000000326e-02
5.001001000000000751e-02
-3.518698999999999438e-02
5.001143000000000949e-02
5.000001000000000445e-02
5.000001000000000445e-02
5.000001000000000445e-02
1.352000099999999816e-01
5.001001000000000751e-02
5.001001000000000751e-02
5.001321000000000933e-02
5.000121000000000426e-02
-3.517999000000000126e-02
5.001001000000000751e-02
5.001001000000000751e-02
5.000461000000000489e-02
