4.985200000000000048e-02
4.985200000000000048e-02
4.985200000000000048e-02
4.985200000000000048e-02
4.985200000000000048e-02
4.985200000000000048e-02
4.985200000000000048e-02
4.985200000000000048e-02
4.985200000000000048e-02
-3.534800000000000442e-02
-3.534800000000000442e-02
-3.534800000000000442e-02
-3.534800000000000442e-02
-3.534800000000000442e-02
-3.534800000000000442e-02
-3.534800000000000442e-02
-3.534800000000000442e-02
-3.534800000000000442e-02
-3.534800000000000442e-02
-3.534800000000000442e-02
-3.534800000000000442e-02
-3.534800000000000442e-02
-3.534800000000000442e-02
-3.534800000000000442e-02
-3.534800000000000442e-02
-3.534800000000000442e-02
-3.534800000000000442e-02
-3.534800000000000442e-02
-3.534800000000000442e-02
-3.534800000000000442e-02
-3.534800000000000442e-02
-3.534800000000000442e-02
-3.534800000000000442e-02
-3.534800000000000442e-02
-3.534800000000000442e-02
-3.534800000000000442e-02
-3.534800000000000442e-02
-3.534800000000000442e-02
-3.534800000000000442e-02
-3.534800000000000442e-02
-3.534800000000000442e-02
-3.534800000000000442e-02
-3.534800000000000442e-02
-3.534800000000000442e-02
-3.534800000000000442e-02
-3.534800000000000442e-02
-3.534800000000000442e-02
-3.534800000000000442e-02
-3.534800000000000442e-02
-3.534800000000000442e-02
