4.810000000000000039e-03
4.810000000000000039e-03
4.810000000000000039e-03
4.810000000000000039e-03
4.810000000000000039e-03
4.810000000000000039e-03
4.810000000000000039e-03
4.810000000000000039e-03
4.810000000000000039e-03
4.810000000000000039e-03
4.810000000000000039e-03
4.810000000000000039e-03
4.810000000000000039e-03
4.810000000000000039e-03
4.810000000000000039e-03
9.001000000000000667e-02
9.001000000000000667e-02
9.001000000000000667e-02
9.001000000000000667e-02
9.001000000000000667e-02
9.001000000000000667e-02
9.001000000000000667e-02
9.001000000000000667e-02
9.001000000000000667e-02
9.001000000000000667e-02
9.001000000000000667e-02
9.001000000000000667e-02
9.001000000000000667e-02
9.001000000000000667e-02
9.001000000000000667e-02
9.001000000000000667e-02
9.001000000000000667e-02
9.001000000000000667e-02
9.001000000000000667e-02
9.001000000000000667e-02
9.001000000000000667e-02
9.001000000000000667e-02
1.751100000000000156e-01
1.751100000000000156e-01
1.751100000000000156e-01
1.751100000000000156e-01
1.751100000000000156e-01
1.751100000000000156e-01
1.751100000000000156e-01
1.751100000000000156e-01
1.751100000000000156e-01
1.751100000000000156e-01
9.001000000000000667e-02
9.001000000000000667e-02
9.001000000000000667e-02
