4.985200000000000048e-02
4.985200000000000048e-02
4.985200000000000048e-02
4.985200000000000048e-02
4.985200000000000048e-02
4.985200000000000048e-02
4.985200000000000048e-02
4.985200000000000048e-02
4.985200000000000048e-02
4.985200000000000048e-02
4.985200000000000048e-02
4.985200000000000048e-02
4.985200000000000048e-02
4.985200000000000048e-02
4.985200000000000048e-02
4.985200000000000048e-02
4.985200000000000048e-02
4.985200000000000048e-02
4.985200000000000048e-02
4.985200000000000048e-02
4.985200000000000048e-02
4.985200000000000048e-02
4.985200000000000048e-02
4.985200000000000048e-02
4.985200000000000048e-02
4.985200000000000048e-02
4.985200000000000048e-02
4.985200000000000048e-02
4.985200000000000048e-02
4.985200000000000048e-02
4.985200000000000048e-02
4.985200000000000048e-02
4.985200000000000048e-02
4.985200000000000048e-02
4.985200000000000048e-02
4.985200000000000048e-02
4.985200000000000048e-02
4.985200000000000048e-02
4.985200000000000048e-02
4.985200000000000048e-02
4.985200000000000048e-02
4.985200000000000048e-02
4.985200000000000048e-02
4.985200000000000048e-02
4.985200000000000048e-02
4.985200000000000048e-02
4.985200000000000048e-02
4.985200000000000048e-02
4.985200000000000048e-02
4.985200000000000048e-02
