-3.534800000000000442e-02
-3.534800000000000442e-02
-3.534800000000000442e-02
-3.534800000000000442e-02
-3.534800000000000442e-02
-3.534800000000000442e-02
-3.534800000000000442e-02
-3.534800000000000442e-02
-3.534800000000000442e-02
-3.534800000000000442e-02
-3.534800000000000442e-02
-3.534800000000000442e-02
-3.534800000000000442e-02
-3.534800000000000442e-02
-3.534800000000000442e-02
-3.534800000000000442e-02
-3.534800000000000442e-02
-3.534800000000000442e-02
-3.534800000000000442e-02
-3.534800000000000442e-02
-3.534800000000000442e-02
-3.534800000000000442e-02
-3.534800000000000442e-02
-3.534800000000000442e-02
-3.534800000000000442e-02
-3.534800000000000442e-02
-3.534800000000000442e-02
-3.534800000000000442e-02
-3.534800000000000442e-02
-3.534800000000000442e-02
-3.534800000000000442e-02
-3.534800000000000442e-02
-3.534800000000000442e-02
-3.534800000000000442e-02
-3.534800000000000442e-02
-3.534800000000000442e-02
-3.534800000000000442e-02
-3.534800000000000442e-02
-3.534800000000000442e-02
-3.534800000000000442e-02
-3.534800000000000442e-02
-3.534800000000000442e-02
-3.534800000000000442e-02
-3.534800000000000442e-02
-3.534800000000000442e-02
-3.534800000000000442e-02
-3.534800000000000442e-02
-3.534800000000000442e-02
-3.534800000000000442e-02
-3.534800000000000442e-02
