-8.029000000000000026e-02
-8.029000000000000026e-02
-8.029000000000000026e-02
-8.029000000000000026e-02
-8.029000000000000026e-02
-8.029000000000000026e-02
-8.029000000000000026e-02
-8.029000000000000026e-02
-8.029000000000000026e-02
-8.029000000000000026e-02
-8.029000000000000026e-02
-8.029000000000000026e-02
-8.029000000000000026e-02
-8.029000000000000026e-02
-8.029000000000000026e-02
-8.029000000000000026e-02
-8.029000000000000026e-02
-8.029000000000000026e-02
-8.029000000000000026e-02
-8.029000000000000026e-02
-8.029000000000000026e-02
-8.029000000000000026e-02
-8.029000000000000026e-02
-8.029000000000000026e-02
-8.029000000000000026e-02
-8.029000000000000026e-02
-8.029000000000000026e-02
-8.029000000000000026e-02
-8.029000000000000026e-02
-8.029000000000000026e-02
-8.029000000000000026e-02
-8.029000000000000026e-02
-8.029000000000000026e-02
-8.029000000000000026e-02
-8.029000000000000026e-02
-8.029000000000000026e-02
-8.029000000000000026e-02
1.751100000000000156e-01
1.751100000000000156e-01
1.751100000000000156e-01
1.751100000000000156e-01
1.751100000000000156e-01
1.751100000000000156e-01
1.751100000000000156e-01
1.751100000000000156e-01
1.751100000000000156e-01
1.751100000000000156e-01
1.751100000000000156e-01
1.751100000000000156e-01
1.751100000000000156e-01
